53 38 12 13 12 12 13 13 13 14 15 46 46 46 46 47 46 46 46 46 45 46 46 45 45 45 45 45 45 46 46 46 46 45 45 45 45 45 44 44 45 45 46 45 46 46 47 46 46 46 47 46 47 47 47 48 49 49 50 53 53 
53 46 12 12 12 12 12 13 13 14 16 46 46 46 46 46 46 46 46 45 46 45 46 45 45 45 45 45 45 46 46 46 46 46 45 45 45 45 44 44 44 45 45 45 46 47 46 47 47 46 47 47 47 47 47 48 49 49 52 53 53 
52 46 12 12 12 12 12 13 13 14 15 46 46 46 46 46 46 46 46 46 45 46 46 45 45 45 46 46 46 46 46 46 46 46 45 45 45 45 45 45 44 45 46 45 46 46 46 46 46 47 47 47 47 47 48 48 49 50 52 53 53 
52 48 12 12 12 12 13 13 13 14 15 47 46 47 46 47 47 46 46 46 45 45 45 45 46 46 45 46 46 46 46 46 46 46 46 45 45 45 45 44 45 46 45 46 46 46 46 47 47 46 46 47 46 48 47 49 52 53 53 53 53 
52 45 12 12 12 12 12 13 13 15 15 47 46 46 47 47 47 46 46 46 46 45 45 46 46 45 45 46 46 46 46 46 46 45 45 45 45 44 45 45 45 45 45 46 46 46 46 46 46 46 46 47 47 47 48 48 50 52 52 53 53 
52 40 13 12 12 12 12 12 13 14 14 46 46 46 46 47 47 46 46 45 45 46 46 45 46 46 46 46 46 46 46 46 46 46 45 45 45 45 44 44 45 45 45 46 46 46 46 47 46 46 46 47 47 47 47 49 48 50 53 53 53 
52 52 12 12 12 12 13 13 13 14 16 47 47 47 47 47 46 46 46 46 46 45 45 45 45 45 46 46 46 46 46 46 46 46 45 45 45 45 45 45 45 46 45 45 46 47 47 46 46 46 46 47 47 47 47 47 48 52 50 53 53 
53 49 12 12 12 12 13 13 13 15 14 47 47 46 46 47 46 46 46 45 45 45 45 46 45 45 46 45 46 46 46 46 46 45 45 45 45 45 45 45 45 45 45 45 46 46 46 46 46 46 46 47 47 47 47 49 50 49 52 53 53 
52 47 12 12 12 12 13 13 13 14 16 46 46 47 47 47 46 46 46 46 46 45 45 45 45 45 45 46 46 46 46 46 46 46 46 45 45 45 44 45 45 45 46 45 46 46 46 46 47 46 46 47 47 47 47 48 50 49 53 53 53 
53 47 12 12 12 12 13 13 13 15 15 46 46 47 47 47 47 46 46 46 46 45 45 45 45 46 45 46 46 46 46 46 46 45 45 45 45 44 45 44 45 45 45 46 46 47 46 46 46 47 46 47 47 47 48 48 48 49 53 53 53 
52 43 12 12 12 12 13 13 13 14 16 46 46 46 47 46 46 46 46 45 45 45 45 46 45 46 45 46 46 46 46 46 46 46 46 45 45 45 45 44 45 45 45 45 46 47 47 46 47 46 46 47 46 47 47 49 50 50 53 53 53 
52 44 12 12 12 12 13 12 13 14 16 47 47 47 47 47 47 46 46 46 46 45 45 45 46 45 45 46 46 46 46 46 46 46 45 45 45 44 44 44 45 45 45 46 46 46 47 46 47 46 47 46 46 47 47 48 50 50 53 53 53 
52 52 12 12 12 12 13 12 13 15 16 47 46 46 46 46 46 46 46 45 46 45 45 45 45 46 46 46 46 46 46 46 46 45 45 45 45 44 44 44 45 45 46 46 46 47 47 47 47 46 47 47 46 47 47 49 50 49 53 53 53 
52 49 12 12 12 12 12 12 13 14 15 47 46 46 47 46 46 46 46 46 45 45 45 45 45 46 46 46 46 46 46 46 46 45 45 45 45 45 44 45 45 45 45 46 46 46 47 46 46 46 47 47 47 47 48 48 49 50 53 53 53 
52 52 12 12 12 12 13 12 13 15 15 46 47 47 46 47 46 46 46 46 45 46 45 45 45 45 46 46 46 46 46 46 45 46 45 45 45 45 44 45 45 46 46 46 46 46 46 46 46 47 46 46 47 47 49 48 49 49 52 53 53 
52 44 12 12 12 13 13 12 13 14 46 46 47 47 46 46 46 46 46 46 46 46 46 45 45 46 45 46 46 46 46 45 46 46 45 45 45 45 44 45 45 45 45 45 46 46 47 46 46 46 47 46 47 47 48 48 49 50 52 53 53 
52 49 12 12 12 12 13 12 13 15 15 47 47 47 46 47 46 46 46 46 45 45 46 46 45 46 45 45 46 46 46 45 46 46 45 45 45 45 44 45 45 45 46 46 46 46 46 46 46 46 46 46 47 47 48 48 48 49 52 53 53 
52 52 12 12 12 12 13 12 13 14 15 46 46 47 47 47 46 46 46 46 45 45 46 45 45 45 45 45 46 46 46 45 46 45 45 45 45 45 44 44 45 45 46 46 46 46 46 46 46 47 47 47 47 47 48 48 49 52 52 53 53 
53 46 12 12 12 12 13 13 13 15 15 47 47 47 46 46 47 46 46 46 46 45 45 45 45 45 46 45 46 46 46 46 45 46 45 45 45 45 45 45 45 46 46 45 46 46 46 46 46 46 46 47 47 48 48 47 49 50 52 53 53 
52 46 12 12 12 12 12 12 12 15 15 46 47 47 47 47 46 46 46 46 46 45 45 45 45 46 46 46 46 46 46 45 45 46 45 45 45 45 44 44 45 45 45 46 46 46 46 47 46 46 46 47 47 47 48 48 49 52 52 53 53 
52 49 12 12 12 12 12 12 12 15 15 46 47 47 47 47 46 46 46 46 45 45 45 45 45 46 45 45 46 46 46 46 45 46 45 45 45 45 45 45 45 45 45 45 46 46 47 46 46 47 47 46 47 47 47 48 49 52 50 53 52 
52 48 12 12 12 12 12 12 13 14 15 47 46 47 47 47 46 46 46 46 46 45 45 45 45 45 46 46 46 46 46 45 46 45 45 45 45 45 45 45 45 46 46 45 46 46 46 47 46 46 47 47 47 47 49 48 49 52 52 53 53 
53 47 12 12 12 12 12 13 12 15 15 46 47 46 46 46 46 46 46 46 46 45 45 45 45 46 46 45 46 46 46 46 46 45 45 45 45 45 44 45 45 45 45 46 46 46 46 46 46 46 47 46 46 47 47 49 49 51 52 53 53 
53 44 12 12 12 12 13 12 13 15 16 47 47 47 46 46 46 46 46 46 46 45 45 45 46 45 46 46 46 46 46 45 46 46 45 45 45 44 44 44 45 45 45 46 46 46 46 46 46 46 46 47 46 47 47 48 49 49 52 53 53
18 35 31 31 30 31 31 32 32 32 33 33 33 34 35 35 35 35 35 35 36 36 36 35 35 35 35 35 36 35 35 35 36 35 36 36 36 36 37 53 53 52 52 53 54 54 54 54 55 107 19 19 19 18 18 18 18 18 17 17 17 
